1 00000000000000000000000110010011 2
2 00000000100100000000001000010011 2
3 00000011110000000000000011101111 5
4 00000000101100000000001010010011 2
5 00000000000000000000001100010011 2
6 00000000000000100000001110010011 2
7 00000000010000000000000011101111 5
8 00000100000000000000100101100011 3
9 00000010011000111100011001100011 3
10 00000000011100110000010000110011 1
11 00000000000101000101010000010011 2
12 00000000001001000001010010010011 2
13 00000000001101001000010010110011 1
14 00000000000001001010010010000011 2
15 00000000100100101000111001100011 3
16 11111111010000010000000100010011 2
17 00000000001000001010010000100011 4
18 00000000001000110010001000100011 4
19 00000000001000111010000000100011 4
20 00000000100100101100001001100011 3
21 00000000000101000000001100010011 2
22 11111111111101000000001110010011 2
23 11111110010111111111000011101111 5
24 00000000000000010010001110000011 2
25 00000000010000010010001100000011 2
26 00000000100000010010000010000011 2
27 00000000110000010000000100010011 2
28 00000000000000001000000001100111 2
29 00000000100000000000011000110011 1
30 00000000000000001000000001100111 2
31 11111111111100000000011000010011 2
32 00000000000000001000000001100111 2
33 00000000000000000000001010010011 2
34 00000000010000101000111001100011 3
35 00000000000000000000001100010011 2
36 00000000000000011000001110010011 2
37 00000000010000110000100101100011 3
38 00000000000000111010010000000011 2
39 00000000010000111010010010000011 2
40 00000000100001001101001101100011 3
41 00000000011101001010000000100011 4
42 00000000011101000010001000100011 4
43 00000000010000111000001110010011 2
44 00000000000100110000001100010011 2
45 11111110000000000000100011100011 3
46 00000000000100101000001010010011 2
47 11111110000000000000001111100011 3
48 00000000000000001000000001100111 2
49 0 0
